00000000000000000000000
02222222222022222222220
02000200002020000200020
03010201102020110201030
02000200002020000200020
02222222222222222222220
02000202000000020200020
02222202222022220222220
00000200001010000200000
11110201111111110201111
11110201000100010201111
00000201011111010200000
22222211011111011222222
00000201011111010200000
11110201000000010201111
11110201111111110201111
00000201000000010200000
02222222222022222222220
02000200002020000200020
03220222222222222202230
00020202000000020202000
02222202222022220222220
02000000002020000000020
02222222222222222222220
00000000000000000000000