000000000000000000000000000000
022222222220022220022222222220
020020020020020020020000020020
020020020020020020020000020020
022222222220022222220022222220
000000000020020020020020020020
000000000020020020020020020020
022222220022222220020022222220
020000020020020020020020000020
020000020020020020020020000020
022222220020022222220020022220
020000020020000020000020020020
020000020022222222220020020020
022222220002000100022222220020
020000000002011111020020020020
020000000002011111020020020020
020022222222011111022220022220
020020020002000000020020000020
020020020002111111120020000020
022222222220020020020022220020
020000020020020020020020020020
020000020020020020020020020020
022220020022222222222222220020
020020020020000020020000020020
020020020020000020020000020020
022220022222222222220022222220
020020020020020020000020020020
020020020020020020000020020020
022222222222220022222220022220
000000000000000000000000000000
15 18