60
60
14
42
11
16
35
24
16
50
56
41
10
18
16
37
33
21
17
8
19
13
29
18
25
42
20
30
18
35
11
56
10
39
8
30
29
16
11
26
23
13
19
33
95
30
130
10
31
20
21
12
39
17
11
15
17
21
15
48
24
21
55
12
24
17
13
31
115
23
26
30
24
20
21
43
129
14
16
26
13
44
80
18
22
10
19
32
11
24
16
10
35
15
19
40
16
25
15
21
28
122
60
14
42
11
16
35
24
16
50
56
41
10
18
16
37
33
21
17
8
19
13
29
18
25
42
20
30
18
35
11
56
10
39
8
30
29
16
11
26
23
13
19
33
95
30
130
10
31
20
21
12
39
17
11
15
17
21
15
48
24
21
55
12
24
17
13
31
115
23
26
30
24
20
21
43
129
14
16
26
13
44
80
18
22
10
19
32
11
24
16
10
35
15
19
40
16
25
15
21
28
122
35
44
28
36
25
24
32
15
32
48
111
15
90
10
10
10
10
11
84
150
15
40
20
27
12
19
23
32
113
37
31
25
11
12
23
17
11
16
24
108
10
23
138
77
18
15
30
21
19
99
19
24
19
27
9
15
70
16
14
117
20
21
15
28
36
23
21
20
18
28
10
36
24
18
30
18
10
11
101
43
88
10
15
30
117
29
27
14
21
17
11
24
30
28
24
21
18
24
20
14
60
14
42
11
16
35
24
16
50
56
41
10
18
16
37
33
21
17
8
19
13
29
18
25
42
20
30
18
35
11
56
10
39
8
30
29
16
11
26
23
13
19
33
95
30
130
10
31
20
21
12
39
17
11
15
17
21
15
48
24
21
55
12
24
17
13
31
115
23
26
30
24
20
21
43
129
14
16
26
13
44
80
18
22
10
19
32
11
24
16
10
35
15
19
40
16
25
15
21
28
122
35
44
28
36
25
24
32
15
32
48
111
15
90
10
10
10
10
11
84
150
15
40
20
27
12
19
23
32
113
37
31
25
11
12
23
17
11
16
24
108
10
23
138
77
18
15
30
21
19
99
19
24
19
27
9
15
70
16
14
117
20
21
15
28
36
23
21
20
18
28
10
36
24
18
30
18
10
11
101
43
88
10
15
30
117
29
27
14
21
17
11
24
30
28
24
21
18
24
20
14
12
8
13
32
92
132
19
16
126
16
10
16
19
24
21
26
24
15
108
26
32
9
32
85
10
26
25
9
13
19
18
26
17
19
41
29
16
19
8
21
15
22
8
15
13
18
15
21
12
29
39
79
35
34
18
16
15
18
15
17
20
20
110
81
35
16
19
19
37
24
18
153
122
80
18
50
15
15
27
34
16
108
24
15
11
12
16
18
28
25
39
16
16
16
43
33
30
26
35
27
60
20
18
18
18
18
18
18
18
18
18
18
18
18
18
18
18
18
18
18
18
18
18
18
18
18
18
18
18
18
18
18
18
28
18
18
18
18
18
18
18
18
33
28
18
18
18
18
18
18
18
18
18
18
18
18
18
18
18
18
18
18
15
18
18
18
28
18
28
18
18
18
18
18
18
18
31
18
18
18
18
18
18
18
18
18
18
18
18
18
18
18
18
15
18
18
18
18
18
18
18
18
18
18
18
18
18
18
18
18
18
18
18
18
18
18
18
18
18
18
18
18
18
18
18
18
18
18
18
18
18
18
18
18
28
18
18
18
18
18
18
18
18
33
28
18
18
18
18
18
18
18
18
18
18
18
18
18
18
18
18
18
18
15
18
18
18
28
18
28
18
18
18
18
18
18
18
31
18
18
18
18
18
18
18
18
18
18
18
18
18
18
18
18
15
18
18
18
18
18
18
18
18
18
18
18
18
18
18
18
18
18
18
18
18
18
18
18
18
18
18
18
18
18
18
18
18
28
18
18
18
18
18
18
28
18
18
18
18
18
18
18
18
18
18
18
18
18
18
18
18
133
18
18
18
18
18
18
18
18
18
18
18
18
18
18
18
18
18
18
28
18
32
18
28
18
18
18
18
18
18
18
18
18
18
18
18
18
18
18
18
18
16
18
18
18
18
18
18
18
18
18
18
18
18
28
28
28
28
18
18
18
18
18
18
18
18
18
18
28
18
18
18
18
18
18
18
18
18
18
18
14
18
18
18
18
18
18
18
18
18
18
18
18
17
18
18
18
18
18
18
18
18
18
18
18
18
18
18
18
18
18
18
18
18
18
18
18
18
18
18
18
18
31
18
18
18
18
18
18
28
18
18
18
23
18
18
18
18
16
18
18
18
18
33
28
18
18
18
18
18
18
18
31
18
18
18
28
28
28
18
18
18
18
18
18
18
18
18
18
28
18
18
18
18
18
18
18
18
18
18
18
14
18
18
18
18
18
18
18
18
18
18
18
18
17
18
18
18
18
18
18
18
18
18
18
18
18
18
18
18
18
18
18
18
18
18
18
18
18
18
18
18
18
31
18
18
18
18
18
18
28
18
18
18
23
18
18
18
18
16
18
18
18
18
33
28
18
18
18
18
18
18
18
31
18
18
18
18
18
18
18
18
18
18
18
18
18
18
18
18
18
18
18
18
18
18
18
18
28
18
18
18
18
16
18
18
18
18
18
18
18
18
18
18
18
18
18
18
18
18
18
18
18
18
18
18
18
18
18
18
18
18
18
18
28
18
18
18
18
18
18
28
18
18
18
18
18
18
18
18
18
18
18
18
18
18
31
18
18
18
18
31
18
18
18
18
18
18
18
18
18
18
18
18
18
18
18
28
28
28
18
18
18
18
18
18
18
18
18
18
28
18
18
18
18
18
18
18
18
18
18
18
14
18
18
18
18
18
18
18
18
18
18
18
18
17
18
18
18
18
18
18
18
18
18
18
18
18
18
18
18
18
18
18
18
18
18
18
18
18
18
18
18
18
31
18
18
18
18
18
18
28
18
18
18
23
18
18
18
18
16
18
18
18
18
33
28
18
18
18
18
18
18
18
31
18
18
18
18
18
18
18
18
18
18
18
18
18
18
18
18
18
18
18
18
18
18
18
18
28
18
18
18
18
16
18
18
18
18
18
18
18
18
18
18
18
18
18
18
18
18
18
18
18
18
18
18
18
18
18
18
18
18
18
18
28
18
18
18
18
18
18
28
18
18
18
18
18
18
18
18
18
18
18
18
18
18
31
18
18
18
18
31
18
18
18
18
18
18
18
18
18
18
18
18
18
18
18
18
18
18
18
18
18
18
18
18
18
18
18
18
18
18
18
18
18
18
18
18
18
18
18
18
18
18
18
18
18
18
18
18
18
18
18
18
18
18
18
18
18
18
18
18
18
18
18
18
18
18
18
28
18
18
18
18
18
32
18
18
18
28
18
18
18
18
18
18
18
18
14
32
18
18
18
18
18
18
17
18
18
18
18
18
15
18
18
28
18
18
17
18
18
18
18
28
18
18
18
35
10
10
10
10
20
20
20
20
20
20
20
20
27
28
20
20
20
20
20
20
20
20
20
20
20
20
20
20
20
20
20
20
20
20
32
20
28
19
20
20
28
20
20
20
20
20
20
36
27
28
20
20
20
20
20
20
20
20
20
20
20
20
20
20
20
20
20
20
20
20
20
20
20
20
20
20
20
32
20
20
20
20
20
20
20
20
20
20
20
20
20
20
20
20
20
20
27
20
20
20
20
20
20
20
20
20
20
20
20
20
20
20
20
27
28
20
20
20
20
20
20
20
20
20
20
20
20
20
20
20
20
20
20
20
20
32
20
28
19
20
20
28
20
20
20
20
20
20
36
27
28
20
20
20
20
20
20
20
20
20
20
20
20
20
20
20
20
20
20
20
20
20
20
20
20
20
20
20
32
20
20
20
20
20
20
20
20
20
20
20
20
20
20
20
20
20
20
27
20
20
20
20
20
20
20
20
20
20
20
20
27
20
20
28
20
20
28
20
20
20
20
28
20
20
20
20
20
20
28
20
20
20
20
20
27
20
20
20
20
20
20
20
20
20
20
20
20
20
27
20
20
20
20
20
20
20
20
20
20
20
20
20
20
20
20
20
20
20
20
20
20
20
20
20
28
20
20
20
20
20
20
20
20
20
20
20
20
20
20
20
20
20
20
20
20
20
20
20
20
20
20
20
20
20
20
20
20
20
20
20
20
20
20
20
27
28
20
20
20
20
20
20
20
20
20
20
20
20
20
20
20
20
20
20
20
20
32
20
28
19
20
20
28
20
20
20
20
20
20
36
27
28
20
20
20
20
20
20
20
20
20
20
20
20
20
20
20
20
20
20
20
20
20
20
20
20
20
20
20
32
20
20
20
20
20
20
20
20
20
20
20
20
20
20
20
20
20
20
27
20
20
20
20
20
20
20
20
20
20
20
20
27
20
20
28
20
20
28
20
20
20
20
28
20
20
20
20
20
20
28
20
20
20
20
20
27
20
20
20
20
20
20
20
20
20
20
20
20
20
27
20
20
20
20
20
20
20
20
20
20
20
20
20
20
20
20
20
20
20
20
20
20
20
20
20
28
20
20
20
20
20
20
20
20
20
20
20
20
20
20
20
20
20
20
20
20
20
20
20
20
20
20
20
20
20
20
20
20
20
20
27
20
20
20
20
20
20
20
27
20
20
20
20
20
20
20
20
20
28
28
20
20
20
20
28
20
20
20
20
20
27
20
20
20
20
20
27
28
20
20
20
28
20
20
27
20
20
20
20
20
20
20
20
20
20
20
20
20
28
20
20
20
20
20
20
20
35
20
20
20
20
20
20
20
20
20
20
20
20
20
20
27
20
20
20
20
20
20
20
20
27
20
20
27
20
20
20
20
18
18
18
28
18
18
18
18
18
18
18
18
18
18
18
18
18
18
18
18
18
18
18
18
18
18
18
18
18
18
18
18
18
18
18
18
18
18
20
31
18
18
14
18
18
18
18
28
137
18
18
18
18
18
18
18
18
18
18
18
18
18
18
28
18
18
35
15
18
18
18
18
18
18
18
18
18
18
18
18
18
18
18
18
18
18
18
18
18
18
18
18
18
18
18
18
18
18
18
18
18
18
10
10
10
10
10
10
10
10
10
10
10
10
10
10
10
10
10
10
10
10
10
10
10
10
10
10
10
10
10
10
10
10
10
10
10
10
10
10
10
10
10
10
10
10
10
10
10
10
10
10
10
10
10
10
10
10
10
10
10
10
10
10
10
10
10
10
10
10
10
10
10
10
10
10
10
10
10
10
10
10
10
10
11
10
10
10
10
10
10
10
10
10
10
10
10
10
10
10
10
10
10
10
18
13
13
23
41
21
21
16
10
24
24
13
11
58
78
43
106
122
16
14
18
18
34
23
27
17
34
31
14
8
15
24
36
12
60
32
20
11
110
10
12
12
16
18
12
10
18
67
82
12
11
10
44
23
16
11
23
16
14
30
17
81
10
15
10
16
11
21
54
15
16
23
18
13
14
11
10
15
8
104
32
8
11
8
8
10
20
20
42
86
8
12
22
33
11
14
31
37
24
12
41
15
9
13
23
41
21
21
16
10
24
24
13
11
58
78
43
106
122
16
14
18
18
34
23
27
17
34
31
14
8
15
24
36
12
60
32
20
11
110
10
12
12
16
18
12
10
18
67
82
12
11
10
44
23
16
11
23
16
14
30
17
81
10
15
10
16
11
21
54
15
16
23
18
13
14
11
10
15
8
104
32
8
11
8
8
10
20
20
42
86
8
12
22
33
11
14
31
37
24
12
41
15
9
18
10
35
38
11
10
10
10
13
14
10
8
33
30
10
28
36
41
10
14
68
13
13
10
31
36
18
11
10
10
15
28
10
10
16
10
12
35
10
10
16
13
24
8
8
8
11
8
11
10
11
123
11
11
16
13
31
10
10
11
10
13
8
17
20
35
23
10
10
10
10
8
22
12
13
10
64
15
11
13
10
41
13
24
10
17
11
12
10
8
10
10
11
18
10
13
11
34
10
11
13
23
41
21
21
16
10
24
24
13
11
58
78
43
106
122
16
14
18
18
34
23
27
17
34
31
14
8
15
24
36
12
60
32
20
11
110
10
12
12
16
18
12
10
18
67
82
12
11
10
44
23
16
11
23
16
14
30
17
81
10
15
10
16
11
21
54
15
16
23
18
13
14
11
10
15
8
104
32
8
11
8
8
10
20
20
42
86
8
12
22
33
11
14
31
37
24
12
41
15
9
18
10
35
38
11
10
10
10
13
14
10
8
33
30
10
28
36
41
10
14
68
13
13
10
31
36
18
11
10
10
15
28
10
10
16
10
12
35
10
10
16
13
24
8
8
8
11
8
11
10
11
123
11
11
16
13
31
10
10
11
10
13
8
17
20
35
23
10
10
10
10
8
22
12
13
10
64
15
11
13
10
41
13
24
10
17
11
12
10
8
10
10
11
18
10
13
11
34
10
11
11
10
14
12
10
21
10
9
11
10
10
8
10
10
8
10
10
12
12
10
10
10
10
13
35
10
10
10
10
16
10
8
17
11
10
10
10
11
10
14
15
10
9
10
35
10
12
10
13
11
10
11
10
10
10
10
11
10
10
10
20
10
10
11
15
10
10
59
11
10
10
10
13
10
10
10
11
10
11
34
10
11
10
10
10
12
10
10
13
10
10
9
10
10
10
35
10
10
10
10
13
23
41
21
21
16
10
24
24
13
11
58
78
43
106
122
16
14
18
18
34
23
27
17
34
31
14
8
15
24
36
12
60
32
20
11
110
10
12
12
16
18
12
10
18
67
82
12
11
10
44
23
16
11
23
16
14
30
17
81
10
15
10
16
11
21
54
15
16
23
18
13
14
11
10
15
8
104
32
8
11
8
8
10
20
20
42
86
8
12
22
33
11
14
31
37
24
12
41
15
9
18
10
35
38
11
10
10
10
13
14
10
8
33
30
10
28
36
41
10
14
68
13
13
10
31
36
18
11
10
10
15
28
10
10
16
10
12
35
10
10
16
13
24
8
8
8
11
8
11
10
11
123
11
11
16
13
31
10
10
11
10
13
8
17
20
35
23
10
10
10
10
8
22
12
13
10
64
15
11
13
10
41
13
24
10
17
11
12
10
8
10
10
11
18
10
13
11
34
10
11
11
10
14
12
10
21
10
9
11
10
10
8
10
10
8
10
10
12
12
10
10
10
10
13
35
10
10
10
10
16
10
8
17
11
10
10
10
11
10
14
15
10
9
10
35
10
12
10
13
11
10
11
10
10
10
10
11
10
10
10
20
10
10
11
15
10
10
59
11
10
10
10
13
10
10
10
11
10
11
34
10
11
10
10
10
12
10
10
13
10
10
9
10
10
10
35
10
10
10
10
10
10
9
10
10
10
10
10
10
10
10
11
14
10
10
10
10
10
10
13
10
10
10
11
10
12
10
10
10
10
10
10
10
10
11
10
10
10
10
10
10
10
10
30
10
10
32
10
10
11
10
10
10
10
10
11
11
11
10
10
10
10
10
10
10
10
10
10
10
10
10
14
11
10
11
10
10
10
10
10
10
13
10
10
35
10
13
10
10
10
10
10
10
8
10
10
10
10
10
9
11
18
30
28
26
56
24
9
22
18
28
24
24
23
8
21
23
34
12
18
25
31
18
23
14
61
36
26
9
45
13
12
36
15
23
18
