7
26
7
21
13
19
21
16
27
27
24
34
17
5
23
10
15
20
7
22
20
16
11
3
26
18
58
5
18
12
9
9
10
16
19
18
3
30
23
20
20
10
18
22
13
3
3
5
26
24
5
22
11
18
3
9
18
13
18
17
5
3
10
23
10
12
11
28
20
17
10
25
13
17
26
10
15
17
14
5
3
5
36
36
21
5
27
5
19
27
5
7
9
24
17
28
7
10
18
22
26
14
21
7
18
18
11
16
10
3
16
35
5
21
24
24
21
7
19
5
10
16
20
5
30
3
18
3
26
23
13
13
5
16
3
7
11
11
11
29
27
24
17
17
10
54
17
9
15
21
9
15
10
16
3
19
18
23
16
18
11
7
9
5
8
24
7
19
21
10
9
22
10
9
28
19
19
11
16
11
14
7
3
26
9
15
15
39
3
5
19
5
14
22
13
13
7
24
18
10
16
16
17
14
32
10
10
27
23
18
3
7
26
11
5
10
3
25
23
16
16
18
9
27
14
14
28
18
9
16
22
11
5
19
3
14
9
18
23
10
17
22
22
22
10
16
11
32
28
26
17
18
11
20
24
16
17
9
3
18
3
52
16
3
3
15
17
20
3
11
19
14
15
45
17
28
27
23
16
20
12
19
14
23
15
11
32
9
14
9
23
28
18
25
3
16
14
36
20
3
9
10
9
11
10
14
22
12
13
27
16
10
21
9
19
9
14
10
3
14
33
18
13
13
23
3
7
3
16
14
16
7
3
39
3
11
9
14
5
7
18
11
18
64
31
28
19
16
9
16
7
29
13
16
50
13
16
25
59
28
27
14
32
28
7
16
10
9
14
5
18
23
17
13
22
9
22
41
23
9
13
21
30
24
37
21
16
32
25
10
19
3
25
3
39
21
3
15
3
17
7
23
41
35
7
44
53
25
5
3
10
17
18
55
37
5
28
13
3
28
14
21
11
10
9
32
22
34
14
8
21
30
20
19
18
32
11
5
40
3
5
3
15
10
9
30
23
23
17
3
19
9
10
13
26
9
19
11
7
18
26
33
11
23
14
11
24
40
27
60
9
3
22
10
9
30
14
7
27
10
13
3
14
13
42
3
24
30
28
23
11
30
14
5
21
3
9
34
11
16
14
19
3
10
20
9
7
33
14
18
3
5
21
13
9
10
9
9
38
14
18
20
13
3
22
18
10
5
37
21
7
25
5
14
16
11
3
18
3
9
17
19
16
9
14
3
7
10
35
20
25
37
9
9
43
16
36
34
44
32
17
5
66
23
10
15
10
5
18
5
9
7
16
12
13
41
11
14
32
10
25
16
14
27
29
16
10
28
39
16
17
17
10
9
27
37
16
16
36
24
3
15
9
23
28
23
10
10
26
3
28
3
42
9
32
56
11
3
39
3
30
35
42
19
42
11
8
10
45
16
22
37
25
15
7
3
7
13
9
13
15
19
52
18
22
40
27
39
17
11
11
20
10
11
17
27
30
10
26
30
36
9
3
9
3
13
21
19
28
21
3
30
9
27
17
11
28
17
19
10
3
28
16
19
7
40
36
25
34
18
28
3
11
16
37
10
11
3
3
9
19
10
3
23
9
14
28
10
9
33
39
9
28
16
7
13
14
17
30
10
34
12
28
22
23
21
19
25
36
18
16
27
5
11
25
37
16
30
19
9
9
14
27
35
39
16
16
32
37
32
15
10
15
34
34
39
51
18
12
13
27
3
26
21
5
9
3
27
27
32
9
10
3
9
3
10
32
23
27
34
10
30
8
27
41
27
35
24
25
28
34
3
18
14
25
7
39
10
32
33
27
3
36
9
25
15
10
48
11
20
26
37
21
15
11
34
16
16
15
3
27
19
27
30
34
37
9
5
19
16
3
3
9
33
18
32
45
9
9
25
17
11
11
13
24
9
28
27
26
19
5
14
9
10
33
9
9
14
9
9
27
11
3
27
32
10
31
9
19
55
28
36
45
23
30
23
10
11
13
3
27
3
25
7
15
41
35
49
34
13
12
23
16
48
9
7
19
28
23
11
26
3
46
12
9
27
11
17
28
37
3
9
9
21
16
9
9
13
9
25
9
11
9
18
11
33
25
27
36
31
11
48
10
34
23
11
14
16
3
35
9
8
27
27
30
9
9
28
17
21
5
23
30
18
11
18
5
11
33
32
3
27
28
27
28
10
38
30
19
28
9
29
29
27
19
3
28
21
3
10
45
27
3
5
5
10
3
25
19
15
23
32
5
5
10
16
43
23
14
11
25
9
49
15
15
30
40
25
22
7
3
14
27
27
34
11
10
9
30
19
36
34
23
30
21
9
10
9
9
41
27
54
23
9
32
32
29
16
34
41
9
10
25
18
17
16
10
38
25
48
9
26
3
25
28
21
34
25
23
37
32
20
10
36
25
19
36
3
21
9
23
11
23
19
32
19
23
21
12
23
36
16
25
46
49
23
18
28
22
27
38
23
16
12
36
28
12
18
20
9
10
5
34
11
32
25
34
25
25
3
41
7
21
11
10
9
9
25
54
27
37
48
34
45
18
28
9
25
37
25
16
27
36
23
16
3
34
25
43
27
16
18
9
19
35
36
32
12
43
37
36
21
23
11
32
29
30
10
28
17
19
16
21
25
33
3
27
36
43
36
49
7
9
18
21
19
25
22
37
3
32
45
36
3
45
35
22
25
5
59
30
38
23
24
23
22
28
25
21
30
41
34
36
36
30
30
19
19
32
19
19
23
21
28
3
30
32
37
36
14
11
11
5
38
8
27
33
29
28
18
29
19
27
3
23
5
35
10
36
32
36
23
32
28
16
21
21
21
23
30
9
28
28
20
32
23
26
15
9
9
18
23
30
9
27
40
10
28
40
34
21
23
28
23
54
41
5
21
28
34
41
3
39
23
57
30
7
34
10
21
16
5
27
37
32
36
34
37
15
11
27
42
9
34
27
28
7
38
9
23
16
27
18
36
25
36
34
12
27
16
21
32
30
36
32
18
28
37
37
30
21
32
30
16
23
23
21
21
37
3
31
21
21
27
37
30
21
13
27
41
41
27
38
20
21
23
9
37
3
10
10
25
10
10
10
9
37
16
5
23
32
30
28
13
23
45
23
10
5
21
9
10
3
3
23
23
28
30
27
23
10
21
27
5
30
27
30
32
3
28
9
28
3
30
19
32
25
25
33
32
23
21
25
23
30
32
30
18
42
29
30
21
10
32
9
16
32
20
23
27
34
27
23
3
54
41
28
21
36
32
30
30
30
22
28
46
5
16
41
30
16
25
29
37
45
39
18
9
23
30
30
28
25
42
9
34
5
9
21
16
39
39
25
23
3
34
9
28
9
32
18
39
36
35
10
30
9
21
11
55
9
30
30
21
32
18
37
41
40
34
39
36
45
36
30
27
22
3
32
36
10
32
13
33
34
32
9
30
41
28
32
32
21
40
16
36
17
30
30
34
20
28
32
9
23
28
30
9
23
10
3
9
32
26
43
7
32
32
32
26
30
9
34
9
14
36
3
25
42
36
36
32
32
30
34
32
30
34
31
30
38
41
18
36
9
30
27
37
23
23
9
21
23
28
28
24
34
7
23
28
36
16
32
3
19
30
28
22
30
32
39
32
13
32
27
20
30
34
22
13
34
9
36
32
29
36
32
34
27
3
9
37
32
16
30
30
30
32
25
30
36
54
30
34
21
18
28
34
30
36
25
30
9
30
11
32
30
9
28
9
32
27
36
9
28
9
32
32
32
27
20
18
9
30
27
30
21
28
20
3
30
32
32
36
30
21
30
28
34
27
28
9
21
46
37
3
41
30
41
39
32
21
3
32
34
9
32
32
28
30
30
32
7
29
21
9
34
23
30
10
30
11
27
32
30
30
34
37
28
11
28
30
28
48
28
16
36
11
30
30
45
9
30
13
25
28
34
30
32
27
5
9
21
28
30
30
21
27
9
28
32
32
28
14
28
23
30
16
30
28
45
9
30
32
9
30
12
32
33
32
10
37
30
32
34
9
11
3
16
10
28
28
28
18
32
28
28
32
33
32
30
28
52
30
30
45
26
21
32
30
37
30
32
41
34
30
25
23
43
28
16
28
28
28
28
32
3
32
28
23
25
3
30
14
28
37
34
29
28
21
25
32
32
23
36
30
28
30
32
35
10
30
10
11
53
34
10
9
32
32
41
30
23
32
37
28
45
38
18
32
31
9
36
32
34
25
37
32
45
43
21
32
30
34
30
25
45
48
22
18
28
32
30
28
28
9
27
34
34
28
18
28
28
45
30
36
30
34
28
34
9
32
38
30
30
30
28
41
26
28
27
45
30
30
31
36
30
27
30
10
34
28
32
13
10
7
32
30
29
30
18
32
30
28
10
41
9
9
30
28
28
30
9
28
30
32
30
32
32
3
30
18
30
21
32
30
30
9
32
34
28
32
9
30
23
30
25
30
23
32
30
30
28
33
3
41
30
39
30
28
23
30
32
28
45
10
32
10
28
32
18
32
46
31
30
30
28
36
28
34
28
