4
13
4
7
9
9
12
9
11
14
16
23
10
4
6
6
13
8
5
5
7
9
10
4
6
14
25
4
8
6
5
6
4
12
8
14
4
21
11
6
10
6
6
9
11
4
4
4
19
9
4
14
11
7
4
10
7
11
15
10
5
4
5
20
7
4
10
13
6
7
10
19
11
11
7
7
10
11
9
4
4
4
18
17
19
5
9
6
4
19
6
4
7
6
8
22
4
7
10
10
12
10
7
4
10
5
11
8
6
4
7
12
4
6
17
10
16
4
5
6
11
14
6
5
22
4
6
4
7
10
9
10
4
10
4
4
11
11
10
21
22
9
10
12
4
28
10
11
10
12
11
8
11
15
4
9
14
14
8
9
9
7
5
4
9
12
4
13
14
8
9
20
6
9
18
13
5
11
6
9
7
6
4
8
6
11
10
17
4
5
6
5
8
11
9
11
4
8
14
4
6
8
10
7
24
8
11
14
17
5
4
5
15
10
4
10
4
20
16
8
5
15
10
16
4
4
10
13
8
7
5
10
5
5
4
10
4
8
8
4
10
7
19
12
9
8
10
21
20
14
10
9
11
9
16
9
9
10
4
14
4
44
12
4
4
8
8
8
4
10
13
12
7
38
9
18
13
12
13
8
6
18
8
11
9
9
23
10
12
4
14
22
12
19
4
11
8
29
9
4
10
4
10
9
11
5
14
5
9
24
12
10
15
10
10
10
10
10
4
11
34
14
11
11
19
4
5
4
8
11
4
4
4
31
4
10
10
10
4
5
11
9
7
39
23
14
6
9
4
8
4
28
11
8
35
10
8
7
30
11
26
11
14
13
5
11
10
10
10
6
11
7
11
9
7
5
16
35
7
10
9
14
17
15
27
13
8
24
7
11
10
4
15
4
29
10
4
7
4
8
4
13
26
24
7
34
41
21
6
4
11
7
8
32
26
5
20
11
4
17
11
19
9
10
5
27
15
34
8
8
13
23
12
19
11
12
9
5
31
4
4
4
8
6
4
15
6
6
7
4
7
10
10
11
22
5
12
9
4
6
7
33
10
15
9
11
22
33
22
42
11
4
9
11
8
19
6
4
8
10
9
4
9
9
30
4
8
29
25
4
9
22
12
6
15
4
8
27
11
8
10
8
4
7
6
7
4
23
8
6
4
4
25
11
11
10
10
10
28
10
11
12
11
4
6
9
10
6
41
20
5
16
4
6
9
9
4
10
4
10
7
13
8
4
12
4
5
10
33
5
20
32
10
10
30
18
29
36
27
26
6
4
44
8
6
8
6
5
5
4
10
4
14
12
11
35
10
7
33
10
17
8
12
18
30
7
10
15
32
8
12
11
5
11
20
29
7
11
28
18
4
9
5
18
29
21
11
10
11
4
27
4
27
10
25
38
9
4
34
4
25
30
26
9
40
10
8
11
38
7
16
34
16
8
4
4
6
9
10
11
10
14
49
5
14
34
24
31
9
9
10
7
10
10
6
21
25
10
25
18
27
10
4
11
4
9
25
13
26
16
4
23
10
20
8
9
27
6
19
10
4
19
8
15
7
37
25
26
34
5
17
4
9
5
27
11
9
4
4
10
18
10
4
18
10
7
20
10
10
26
28
10
27
11
4
10
14
10
18
10
27
10
21
15
26
17
8
25
25
14
8
18
4
10
25
34
7
28
7
10
10
8
25
32
40
18
9
29
29
23
9
5
7
30
28
29
45
11
12
9
23
4
24
19
4
10
4
27
18
29
10
10
4
10
4
10
25
16
17
33
10
25
8
20
35
22
34
22
27
27
28
4
7
8
24
4
28
11
26
32
24
4
28
10
24
9
10
34
10
15
14
33
16
9
9
24
12
7
8
4
26
8
25
31
19
26
10
4
18
10
4
4
10
22
18
26
34
10
10
24
9
11
10
8
16
11
29
18
20
18
4
10
10
10
34
10
10
9
10
10
25
10
4
25
33
7
30
10
20
38
27
29
37
25
26
25
10
10
10
4
24
4
25
5
8
34
30
34
22
9
6
15
8
45
10
6
14
27
25
10
18
4
31
12
10
25
10
10
27
35
4
10
10
18
8
10
10
11
6
22
10
10
10
19
11
24
25
25
30
31
9
37
12
33
13
10
11
9
4
30
4
8
25
25
34
10
10
26
7
14
4
25
33
14
9
12
4
10
32
35
4
25
25
23
24
11
39
23
13
28
10
32
30
27
19
4
27
25
4
11
38
26
4
4
4
11
4
25
18
7
15
33
4
4
10
13
40
25
8
9
27
10
43
8
9
22
31
26
19
5
4
10
25
27
35
10
11
10
33
15
31
30
25
28
25
10
10
10
10
38
27
41
25
10
25
33
32
18
23
34
10
11
25
20
8
18
11
32
26
44
4
26
4
25
26
25
33
18
25
37
33
22
9
34
25
11
32
4
25
11
15
9
25
18
35
15
25
16
12
16
34
18
25
38
39
25
19
27
24
26
33
25
18
13
33
27
5
15
23
11
10
4
33
9
33
25
33
25
26
4
33
5
25
10
10
10
10
25
49
25
37
50
30
47
14
27
10
24
33
25
10
25
34
17
18
4
34
26
37
25
10
19
10
15
37
36
33
12
36
33
33
25
25
9
25
28
25
10
25
8
11
18
25
26
30
4
32
35
35
34
36
6
10
18
21
18
22
15
30
4
27
38
34
4
44
34
16
25
4
50
34
36
25
24
19
23
26
26
25
25
34
34
33
33
33
33
14
19
26
15
19
25
25
26
4
26
35
33
34
8
10
9
5
36
8
27
26
30
28
9
23
17
26
4
18
4
38
10
37
33
35
25
33
25
18
25
25
25
25
33
4
25
25
22
33
25
25
9
10
10
11
25
33
10
26
35
10
33
38
33
25
25
26
26
51
43
5
25
25
33
39
4
34
24
49
25
4
34
10
25
10
4
25
41
34
33
34
33
7
10
27
33
10
34
26
27
4
35
10
26
18
26
17
33
25
33
34
6
27
8
25
33
27
33
34
18
29
34
35
27
25
33
33
6
25
25
25
25
35
4
33
25
25
26
35
33
25
9
23
33
35
28
39
22
25
25
10
34
4
10
10
26
10
10
10
10
33
18
5
25
33
33
33
10
16
38
25
10
5
25
10
10
4
4
25
21
26
32
27
25
10
25
25
4
26
26
33
29
4
33
10
33
4
33
12
33
26
26
36
28
25
25
25
26
25
33
29
14
35
27
34
25
12
33
10
10
34
23
25
25
34
27
25
4
50
39
26
25
34
33
33
33
34
22
19
44
4
18
33
33
18
25
33
34
38
34
19
10
25
33
33
33
25
37
10
33
6
10
25
18
34
35
25
25
4
34
10
33
10
34
15
34
35
34
10
28
10
25
11
51
10
33
33
25
33
22
33
40
40
31
36
38
37
32
33
28
22
4
34
33
11
33
10
28
36
33
10
33
34
33
34
35
25
39
8
37
8
33
27
33
22
33
33
10
25
26
26
10
26
10
4
10
34
30
33
4
33
33
34
30
34
10
33
10
15
33
4
25
39
35
35
35
33
33
34
27
34
33
30
33
31
48
22
33
10
26
26
35
25
25
10
20
25
33
33
22
33
4
25
33
33
18
35
4
18
34
25
22
34
34
37
31
10
34
31
22
33
33
23
9
33
5
34
34
31
33
33
33
31
4
10
34
33
14
28
33
33
33
25
33
33
49
33
33
25
15
33
33
34
33
26
33
10
33
9
33
33
11
33
10
33
31
33
9
33
10
33
33
33
22
22
22
10
34
31
33
25
33
22
4
33
33
33
33
34
25
33
33
34
26
33
11
25
44
43
4
41
29
36
35
34
25
4
34
34
10
33
33
33
33
35
33
5
30
25
10
34
25
21
10
33
9
28
33
33
33
33
33
33
10
33
33
33
49
33
14
33
9
34
33
45
10
33
11
25
33
33
33
28
30
5
10
25
33
33
33
25
26
10
33
25
33
33
14
33
25
33
15
33
33
48
10
33
33
10
33
9
33
32
33
10
34
33
33
33
10
10
4
14
10
33
33
33
14
35
33
25
30
29
33
35
33
51
33
33
48
30
25
33
34
34
33
34
44
33
33
26
25
48
33
15
33
33
33
33
34
4
33
33
26
25
4
35
8
33
35
33
30
33
25
27
33
33
26
33
34
33
33
34
27
10
33
10
10
35
33
7
11
33
34
48
33
25
33
33
33
45
39
22
33
35
10
34
34
34
26
34
33
50
49
25
33
34
26
33
26
47
49
23
22
33
33
33
33
33
10
28
33
34
33
22
33
33
50
33
33
33
34
33
33
10
33
41
33
33
34
33
45
28
33
30
47
33
34
31
37
33
31
33
11
33
33
33
10
10
4
33
33
29
33
15
33
35
33
5
35
8
10
34
33
33
34
10
33
33
33
33
33
34
4
33
22
33
25
33
33
33
10
33
35
33
33
10
33
25
33
26
33
25
33
33
34
33
34
4
35
34
33
33
33
26
33
33
33
49
10
33
10
33
33
15
35
48
36
33
33
33
33
33
34
33
