0.8999999999999999
-2.0000000000000004
0.39999999999999947
0.14999999999999947
-0.05000000000000038
0.6499999999999995
1.8499999999999988
4.55
-1.4432899320127035e-15
0.14999999999999858
6.050000000000001
-5.75
3.3
-1.25
-1.1102230246251565e-16
1.65
3.3499999999999996
1.5499999999999998
-0.3999999999999999
-0.5500000000000009
1.6999999999999988
0.4999999999999991
-0.5500000000000002
-0.5
-5.551115123125783e-16
0.7999999999999994
2.050000000000001
1.1499999999999995
1.3499999999999988
1.6999999999999993
0.9999999999999996
0.19999999999999996
-0.7000000000000001
-0.3000000000000004
0.9499999999999988
1.049999999999999
0.2999999999999998
4.050000000000004
2.099999999999999
1.0999999999999988
5.4
-0.19999999999999996
2.3499999999999983
0.5999999999999992
1.6499999999999995
-0.5
-0.5
1.15
2.7000000000000024
0.19999999999999973
-1.25
3.9000000000000004
1.0499999999999994
0.75
-0.5
1.0
-0.7999999999999997
2.4499999999999993
2.499999999999999
2.05
-0.44999999999999996
-0.5
-1.5
4.900000000000001
1.6999999999999993
0.39999999999999925
3.750000000000001
-1.2000000000000004
1.9499999999999984
0.899999999999999
0.34999999999999964
0.7999999999999992
2.399999999999999
4.1
-0.8999999999999998
1.9500000000000002
5.1499999999999995
1.9500000000000002
1.5499999999999994
0.34999999999999987
-0.5
1.1499999999999995
-1.200000000000001
-2.400000000000002
5.1
0.34999999999999987
0.14999999999999858
0.8999999999999997
0.9499999999999984
5.500000000000004
-0.7000000000000001
-0.15000000000000013
0.19999999999999973
0.7499999999999982
0.3999999999999997
6.950000000000003
0.6499999999999999
1.9499999999999993
1.0999999999999988
4.300000000000002
-3.4
1.2499999999999991
2.9000000000000017
1.4499999999999997
0.1999999999999993
0.7999999999999989
0.7999999999999994
0.49999999999999867
0.34999999999999964
0.2999999999999998
1.5999999999999983
-0.650000000000001
0.34999999999999964
-1.2
-1.4500000000000002
1.1999999999999993
2.4499999999999993
-0.4
0.1499999999999997
0.10000000000000009
0.0999999999999992
1.9
0.049999999999998934
0.09999999999999987
3.799999999999999
0.2999999999999998
1.8999999999999986
-0.5
0.19999999999999885
4.500000000000003
1.5499999999999998
2.399999999999999
-0.45000000000000007
2.3500000000000005
0.2999999999999998
0.3999999999999997
2.9
2.1499999999999995
1.2999999999999994
-0.55
5.200000000000003
2.850000000000001
3.3000000000000007
2.2999999999999994
1.0999999999999996
2.2499999999999973
2.199999999999999
-0.1000000000000002
1.3999999999999995
1.299999999999999
2.0999999999999996
2.449999999999999
1.65
4.050000000000001
0.2999999999999998
0.09999999999999964
4.850000000000003
3.0000000000000018
1.8499999999999992
-0.8000000000000002
0.7499999999999996
0.6999999999999997
1.2499999999999991
0.5999999999999999
-1.0
3.45
1.1999999999999997
1.1999999999999988
0.6999999999999997
2.499999999999999
2.3499999999999996
5.250000000000002
0.8999999999999997
4.5
3.749999999999999
0.39999999999999947
-0.4500000000000004
-0.30000000000000027
0.7999999999999989
2.899999999999999
1.2499999999999996
2.0
-0.5
1.4499999999999993
1.4999999999999991
0.8499999999999992
1.9499999999999988
0.29999999999999716
-1.3
-0.7000000000000001
2.549999999999999
1.1499999999999995
1.25
2.8
0.7999999999999994
4.05
1.1999999999999993
3.0500000000000025
6.750000000000002
0.5999999999999992
2.0999999999999988
1.7999999999999998
3.6000000000000014
1.549999999999999
2.699999999999999
0.09999999999999964
2.45
3.8
2.599999999999999
1.549999999999999
-0.5
0.3999999999999999
1.1499999999999995
-3.3306690738754696e-16
0.6000000000000001
0.8499999999999996
-1.3
1.6499999999999995
3.700000000000002
1.8499999999999988
0.4999999999999991
5.6000000000000005
1.2999999999999998
3.05
1.2499999999999991
1.2499999999999987
0.8999999999999986
5.1000000000000005
2.3499999999999996
-0.10000000000000064
-1.2500000000000009
1.3499999999999996
0.09999999999999987
0.649999999999999
-0.5
-0.6000000000000008
-0.10000000000000009
-0.20000000000000073
2.9000000000000026
-0.19999999999999984
1.1999999999999988
0.6499999999999986
3.4500000000000037
3.8999999999999995
0.34999999999999964
0.25
0.7499999999999996
6.949999999999999
4.800000000000001
6.100000000000002
1.149999999999999
1.2999999999999994
1.3499999999999992
0.34999999999999876
-0.7000000000000004
2.3999999999999995
4.3999999999999995
1.2999999999999998
0.2999999999999998
4.050000000000001
1.0999999999999996
6.050000000000001
3.0999999999999988
0.2999999999999998
0.2999999999999998
2.199999999999999
0.899999999999999
1.1999999999999988
0.2999999999999998
2.1
1.9999999999999987
1.2499999999999996
3.3000000000000025
16.549999999999994
1.649999999999999
5.3500000000000005
-0.45000000000000107
1.8000000000000016
3.25
-0.8000000000000006
2.499999999999999
0.9999999999999991
3.9000000000000004
2.650000000000001
2.4499999999999993
2.900000000000001
0.34999999999999964
1.7999999999999998
3.6000000000000014
1.799999999999999
-0.3999999999999998
4.850000000000001
1.85
1.3499999999999988
1.0999999999999996
2.849999999999999
-1.15
3.950000000000001
2.399999999999999
-0.5
2.349999999999999
1.8999999999999995
1.0
0.49999999999999956
1.65
2.799999999999999
4.700000000000001
0.34999999999999964
2.949999999999999
7.350000000000001
3.6499999999999986
-0.7500000000000002
1.1999999999999997
1.5
1.4
1.4999999999999996
2.8499999999999996
2.75
0.2999999999999998
2.2999999999999994
8.950000000000003
1.5999999999999996
2.3999999999999995
1.5999999999999996
3.450000000000001
0.2999999999999998
1.4999999999999996
1.0999999999999996
3.3999999999999986
2.5999999999999988
0.25
0.1499999999999999
-1.3
1.3499999999999996
0.2999999999999998
2.3999999999999995
1.299999999999999
1.799999999999999
1.1499999999999995
1.9999999999999996
0.9999999999999991
2.4
1.2999999999999998
11.350000000000001
7.400000000000002
3.499999999999999
1.4999999999999987
1.3499999999999988
-0.0500000000000006
2.8999999999999986
1.4499999999999993
7.500000000000002
1.0999999999999992
3.700000000000003
7.750000000000002
3.25
1.0499999999999994
2.0999999999999983
9.250000000000004
-1.9000000000000008
8.8
-0.9000000000000001
1.7499999999999982
4.800000000000001
2.3
3.4000000000000012
2.9999999999999996
2.3
0.1499999999999999
1.6999999999999997
0.14999999999999947
0.8499999999999988
0.04999999999999938
0.2999999999999998
-1.2500000000000007
2.05
1.1499999999999986
5.5
0.9999999999999991
3.1500000000000004
1.3499999999999996
3.0999999999999996
7.000000000000007
-2.5500000000000007
1.899999999999999
4.75
5.300000000000001
2.6999999999999993
3.700000000000001
3.3
1.7000000000000015
0.2999999999999998
5.449999999999999
0.2999999999999998
5.949999999999999
3.0999999999999996
-0.5
2.6999999999999993
-0.5
1.6999999999999988
1.4500000000000002
0.9499999999999988
4.400000000000002
3.2000000000000037
3.0999999999999996
13.599999999999998
7.300000000000004
3.8499999999999996
0.8999999999999999
0.2999999999999998
1.6999999999999997
0.2999999999999994
2.0999999999999988
8.65000000000001
5.150000000000006
-0.44999999999999996
9.4
3.1999999999999993
1.0999999999999996
7.5000000000000036
4.200000000000001
3.5
3.1499999999999986
0.6499999999999995
1.0
10.350000000000001
3.900000000000002
14.749999999999996
1.2499999999999991
3.25
0.9000000000000004
-0.1000000000000002
0.75
5.800000000000001
3.999999999999999
4.8
2.649999999999999
1.15
4.049999999999997
1.0999999999999996
1.15
-0.5
2.4499999999999997
2.199999999999999
1.7499999999999996
3.1499999999999995
1.4999999999999982
3.1000000000000005
2.1999999999999993
-1.3
0.899999999999999
1.7999999999999994
1.0999999999999992
2.4000000000000004
4.700000000000001
1.2499999999999996
1.6999999999999988
2.9
1.4499999999999997
0.5
3.6000000000000005
10.749999999999998
2.1000000000000005
0.35000000000000187
0.3999999999999999
1.2499999999999996
7.200000000000005
14.1
7.650000000000002
17.449999999999992
2.5999999999999996
1.0999999999999996
3.2500000000000018
2.75
2.3499999999999996
7.3000000000000025
1.2499999999999996
2.0
3.000000000000001
1.6999999999999997
4.050000000000002
1.0999999999999996
2.5999999999999996
0.8499999999999992
12.25
-0.5
1.449999999999998
8.150000000000002
9.95
0.49999999999999867
2.1
8.300000000000002
1.2000000000000002
2.5
6.1499999999999995
1.0999999999999996
1.7999999999999998
10.85
2.900000000000001
3.0999999999999988
1.4500000000000002
2.299999999999999
1.0999999999999996
2.2
1.3499999999999992
1.7999999999999994
1.4500000000000002
8.650000000000004
0.9999999999999991
2.349999999999999
0.2999999999999998
1.4
7.0
3.25
3.0999999999999996
0.0999999999999992
0.7000000000000002
1.7999999999999998
-0.8999999999999996
3.3499999999999996
2.949999999999999
4.8999999999999995
1.0999999999999996
-0.5
1.6499999999999986
3.75
2.75
1.6999999999999997
14.999999999999991
4.750000000000001
1.1999999999999993
6.800000000000004
1.3999999999999995
1.9999999999999996
1.049999999999999
2.949999999999999
0.2999999999999998
2.65
0.2999999999999998
2.600000000000001
1.4499999999999993
2.05
0.9999999999999991
0.9999999999999993
2.3999999999999986
0.2999999999999998
1.9999999999999996
2.7500000000000004
13.799999999999997
1.549999999999999
6.950000000000002
14.599999999999996
1.5
2.3
12.000000000000002
4.799999999999999
8.999999999999998
12.899999999999997
9.3
3.0500000000000016
3.1999999999999993
0.3500000000000001
15.199999999999996
4.2500000000000036
-0.7
3.249999999999999
3.25
0.34999999999999987
0.14999999999999947
-0.19999999999999996
0.49999999999999956
0.6499999999999995
4.000000000000001
6.050000000000001
3.8
13.099999999999998
0.24999999999999956
3.0999999999999988
16.299999999999994
2.7999999999999994
5.7
1.8499999999999992
2.6499999999999995
-1.1500000000000004
9.049999999999999
3.950000000000002
1.4499999999999997
2.649999999999998
11.399999999999999
2.899999999999999
3.8500000000000005
1.6500000000000004
1.9499999999999993
3.0999999999999996
4.650000000000002
9.250000000000004
2.0499999999999994
3.3999999999999995
4.450000000000001
3.8500000000000014
1.0999999999999996
4.1000000000000005
0.7
1.299999999999999
4.65
4.450000000000001
2.750000000000001
2.4499999999999993
0.8000000000000003
1.0999999999999996
6.4
0.2999999999999998
13.1
1.2999999999999998
6.450000000000003
10.400000000000004
3.1499999999999995
1.0999999999999996
15.249999999999996
1.0999999999999996
8.450000000000005
7.600000000000001
13.000000000000002
1.2999999999999985
14.649999999999995
1.0499999999999998
3.25
1.15
10.000000000000004
2.5999999999999988
3.250000000000001
8.700000000000001
3.450000000000002
2.399999999999999
1.7499999999999996
1.0999999999999996
1.1999999999999993
2.0999999999999996
2.3
4.25
2.9500000000000006
7.700000000000001
16.64999999999999
1.4999999999999991
1.9999999999999991
11.699999999999998
7.350000000000003
7.650000000000006
3.0500000000000016
3.1499999999999995
1.3000000000000003
3.8000000000000043
3.55
3.2
2.7499999999999996
0.2000000000000015
9.15
2.4499999999999993
8.05
-1.4500000000000008
12.449999999999994
3.0999999999999996
1.0999999999999996
3.0999999999999996
0.2999999999999998
1.8499999999999992
5.900000000000002
5.800000000000002
11.299999999999997
2.500000000000001
0.2999999999999998
5.300000000000001
0.7000000000000002
0.39999999999999947
1.649999999999999
2.1
6.100000000000002
1.0999999999999988
5.600000000000002
2.4999999999999996
-0.5
1.9499999999999997
1.8499999999999996
5.000000000000002
3.3500000000000005
11.349999999999994
7.950000000000003
9.949999999999998
11.799999999999997
1.4999999999999987
4.800000000000002
1.0999999999999996
1.0499999999999994
3.4000000000000004
6.449999999999999
0.04999999999999982
-0.05000000000000038
1.0999999999999996
1.0999999999999996
1.5
5.25
0.8499999999999992
0.2999999999999998
6.950000000000002
0.6999999999999997
3.6499999999999995
-2.7499999999999996
0.2999999999999998
2.5999999999999996
7.65
10.950000000000001
3.0999999999999996
7.450000000000001
4.500000000000001
1.1999999999999993
3.1999999999999993
5.050000000000001
3.8500000000000005
2.0500000000000003
2.2
12.2
2.5499999999999994
8.050000000000002
2.4500000000000006
11.099999999999998
5.55
1.6999999999999984
5.250000000000003
4.850000000000002
5.350000000000001
2.3
3.4000000000000012
0.5999999999999996
2.0500000000000003
9.45
9.899999999999995
2.5499999999999994
5.550000000000002
1.4999999999999982
2.099999999999999
2.5999999999999996
2.05
8.35
11.349999999999998
13.599999999999996
4.8
2.0000000000000013
6.45
8.85
5.550000000000002
3.250000000000001
2.1999999999999993
2.399999999999999
8.749999999999998
7.0
8.300000000000004
16.399999999999995
3.2
6.050000000000002
1.3000000000000003
8.750000000000002
1.0999999999999996
8.900000000000002
4.3
0.6000000000000001
3.700000000000001
1.0999999999999996
10.6
-0.6999999999999994
10.799999999999999
3.4000000000000004
3.0
1.0999999999999996
2.3
-1.3
1.1
5.650000000000002
3.45
3.749999999999999
14.199999999999996
2.1999999999999997
2.95
1.65
0.1999999999999993
14.549999999999999
4.850000000000001
15.949999999999992
4.700000000000002
10.549999999999999
9.950000000000001
8.349999999999998
0.2999999999999998
3.45
3.0500000000000007
5.700000000000002
2.0
7.200000000000003
3.3
11.7
12.949999999999996
10.05
0.2999999999999998
8.150000000000002
2.3
7.0
3.8000000000000007
1.0999999999999992
14.399999999999997
2.35
6.500000000000002
3.3499999999999996
13.849999999999996
3.450000000000002
2.4000000000000004
2.899999999999999
6.550000000000001
5.850000000000001
2.2999999999999994
2.7499999999999987
0.2999999999999998
10.350000000000001
1.1999999999999993
3.250000000000001
13.799999999999995
1.2499999999999996
9.15
2.900000000000001
0.8999999999999997
5.600000000000003
3.6499999999999986
0.2999999999999998
1.0999999999999996
3.4000000000000004
8.000000000000004
7.0500000000000025
8.750000000000004
14.75
1.2999999999999994
2.3
1.5
-1.15
4.000000000000002
2.099999999999999
3.1999999999999993
3.1000000000000023
3.700000000000001
9.700000000000001
-1.3500000000000008
3.3500000000000014
6.400000000000003
1.4
2.3
1.7999999999999998
0.6000000000000001
9.750000000000002
2.8999999999999995
2.5999999999999996
2.3
3.4000000000000004
0.7000000000000002
8.150000000000002
0.49999999999999956
0.2999999999999998
10.9
15.749999999999996
3.5500000000000007
10.149999999999999
2.8999999999999995
8.25
11.000000000000004
8.400000000000004
6.850000000000001
15.299999999999997
7.3000000000000025
10.499999999999998
7.800000000000001
2.75
2.399999999999999
5.1000000000000005
-0.5
3.349999999999998
0.2999999999999998
10.499999999999998
1.1999999999999997
2.449999999999999
17.149999999999988
14.549999999999999
5.150000000000003
9.450000000000001
5.1000000000000005
3.3
2.3999999999999986
2.900000000000001
24.74999999999998
2.8999999999999995
2.55
5.800000000000002
9.65
7.5
3.6999999999999993
5.200000000000003
0.2999999999999998
17.84999999999999
4.700000000000001
1.2999999999999998
7.300000000000001
2.65
3.350000000000003
12.649999999999997
15.199999999999996
0.2999999999999998
2.3000000000000007
1.7999999999999994
2.55
1.799999999999999
-0.1000000000000002
3.4000000000000004
5.1000000000000005
2.6000000000000005
7.200000000000001
2.3
3.200000000000001
3.0999999999999996
8.05
3.45
6.800000000000001
7.550000000000001
7.550000000000001
4.550000000000002
9.899999999999999
2.649999999999999
19.299999999999983
5.2
15.799999999999994
1.9500000000000015
1.0499999999999998
3.400000000000002
3.95
-0.5
14.849999999999998
0.20000000000000018
1.65
6.500000000000002
10.549999999999997
15.449999999999992
1.5
3.4000000000000004
6.600000000000001
3.8000000000000016
3.8999999999999995
1.9499999999999993
10.2
12.499999999999998
4.000000000000001
1.2999999999999994
4.250000000000003
1.3999999999999995
3.9499999999999993
15.599999999999994
17.64999999999999
0.2999999999999998
8.100000000000001
7.750000000000002
5.1000000000000005
7.450000000000003
2.4999999999999996
15.399999999999984
8.85
5.750000000000001
13.999999999999996
1.7999999999999998
15.299999999999994
12.849999999999998
13.049999999999995
8.0
0.2999999999999998
7.750000000000002
11.299999999999997
1.0999999999999996
1.65
17.299999999999983
11.999999999999998
-0.5
1.15
1.3999999999999995
2.7500000000000004
1.0999999999999996
10.249999999999998
5.750000000000002
3.749999999999999
5.150000000000001
11.999999999999995
-0.45000000000000007
0.8999999999999997
2.1999999999999997
5.1000000000000005
22.049999999999983
11.299999999999997
1.1999999999999993
2.35
10.3
1.7999999999999998
17.349999999999994
1.5499999999999994
3.0500000000000034
5.100000000000003
14.199999999999994
14.849999999999994
5.1000000000000005
1.4499999999999997
-0.5
0.6999999999999993
7.6
8.95
19.499999999999993
4.250000000000001
1.9499999999999997
2.0999999999999996
17.84999999999999
6.100000000000003
8.800000000000002
13.35
10.499999999999998
12.399999999999997
9.899999999999999
3.4000000000000004
1.649999999999999
0.9999999999999996
2.3
16.899999999999995
11.399999999999999
19.149999999999988
12.399999999999997
3.700000000000001
13.849999999999998
14.399999999999997
13.949999999999994
7.800000000000001
4.250000000000002
12.199999999999994
3.4000000000000004
2.45
8.100000000000001
7.0
2.1499999999999995
6.3999999999999995
2.750000000000001
14.699999999999994
9.149999999999999
21.199999999999985
1.7499999999999991
9.1
1.0999999999999996
8.649999999999999
8.549999999999999
8.100000000000001
17.899999999999995
3.950000000000003
7.600000000000001
19.79999999999999
13.899999999999995
7.650000000000002
3.299999999999999
17.99999999999999
12.199999999999996
5.500000000000002
11.699999999999998
1.0999999999999996
8.6
2.5999999999999996
2.850000000000001
3.1500000000000012
7.800000000000001
7.150000000000002
17.899999999999988
4.749999999999999
8.9
5.550000000000002
6.300000000000001
7.5000000000000036
15.299999999999997
6.400000000000001
10.249999999999998
18.399999999999995
16.749999999999996
10.999999999999998
8.85
10.25
10.649999999999997
8.700000000000001
10.7
12.949999999999996
5.6000000000000005
6.850000000000001
18.199999999999992
15.049999999999997
2.1999999999999993
4.9
10.049999999999999
1.2999999999999998
1.3999999999999995
0.5999999999999999
16.849999999999994
3.1499999999999995
17.59999999999999
6.850000000000005
16.049999999999994
12.449999999999996
10.799999999999997
0.2999999999999998
7.9
2.0
9.099999999999998
3.6999999999999993
1.6999999999999997
1.5
-0.1000000000000002
10.05
22.649999999999988
7.350000000000001
13.049999999999997
24.799999999999983
11.399999999999999
24.59999999999998
6.150000000000002
12.649999999999997
2.3
11.049999999999999
13.799999999999995
12.699999999999996
2.649999999999999
10.899999999999999
16.349999999999994
8.100000000000001
7.5
1.0999999999999996
13.899999999999993
11.149999999999999
13.5
5.950000000000002
2.2999999999999994
9.399999999999999
3.0999999999999996
9.299999999999999
16.249999999999993
18.29999999999999
14.949999999999994
5.250000000000001
12.049999999999995
13.299999999999999
9.1
9.099999999999998
8.9
2.849999999999999
6.150000000000001
11.699999999999996
8.55
1.6499999999999995
6.5500000000000025
0.399999999999999
1.9499999999999997
8.0
10.499999999999998
9.5
11.600000000000001
0.2999999999999998
14.699999999999992
12.099999999999994
13.649999999999997
20.099999999999984
5.000000000000002
3.3499999999999996
0.6999999999999997
4.050000000000001
6.8999999999999995
8.200000000000001
1.7500000000000009
5.699999999999999
10.600000000000001
-0.5
7.25
17.349999999999984
16.899999999999995
0.2999999999999998
14.799999999999995
12.199999999999996
4.650000000000001
11.099999999999998
1.1499999999999995
27.04999999999998
19.44999999999999
12.499999999999991
9.4
9.350000000000001
5.550000000000001
10.899999999999997
13.449999999999998
11.349999999999998
10.199999999999998
9.700000000000001
14.45
15.79999999999999
18.749999999999986
16.899999999999995
15.699999999999992
16.249999999999993
6.600000000000002
6.650000000000003
14.599999999999994
4.700000000000001
7.700000000000003
8.9
8.600000000000001
7.750000000000002
0.2999999999999998
9.450000000000003
17.64999999999999
19.19999999999999
19.049999999999986
1.9999999999999991
2.9
2.9
1.9500000000000002
12.35
4.050000000000001
11.999999999999998
9.200000000000001
11.699999999999996
9.500000000000002
4.800000000000003
8.949999999999998
5.600000000000003
12.499999999999996
1.0999999999999996
5.600000000000001
1.4
19.99999999999999
2.6999999999999997
18.299999999999994
16.299999999999994
12.799999999999995
11.799999999999997
17.89999999999999
11.25
8.0
11.799999999999997
9.099999999999998
10.199999999999998
11.049999999999999
17.299999999999994
1.7499999999999996
10.200000000000001
9.949999999999998
11.649999999999997
17.89999999999999
9.949999999999998
4.2
1.85
2.5999999999999996
2.3
1.7000000000000002
8.600000000000001
14.099999999999994
0.6999999999999997
13.849999999999996
10.550000000000002
1.1499999999999995
15.399999999999995
21.59999999999998
18.199999999999992
10.999999999999998
12.399999999999997
11.05
10.499999999999996
20.899999999999988
23.39999999999998
1.15
9.099999999999998
10.950000000000001
16.049999999999997
17.69999999999999
1.0999999999999996
19.49999999999998
9.2
27.19999999999997
11.350000000000001
2.2499999999999996
17.09999999999999
2.2
10.999999999999996
2.5500000000000007
1.9499999999999993
11.399999999999999
19.19999999999999
18.699999999999992
18.749999999999993
18.199999999999985
12.099999999999994
2.2499999999999987
4.800000000000001
10.249999999999998
11.999999999999996
2.3
16.849999999999994
8.15
6.6000000000000005
2.25
19.89999999999999
2.3
10.799999999999999
8.3
10.549999999999999
8.050000000000002
18.249999999999986
11.849999999999996
16.349999999999994
17.649999999999995
2.1999999999999993
14.099999999999996
2.899999999999999
10.499999999999998
17.099999999999994
12.449999999999998
17.449999999999992
15.749999999999996
9.45
6.750000000000003
15.749999999999996
17.849999999999994
13.799999999999995
12.099999999999996
18.149999999999988
16.499999999999993
3.3499999999999988
11.599999999999998
9.75
8.900000000000002
8.6
19.749999999999982
1.0999999999999996
16.14999999999999
10.999999999999996
10.699999999999996
10.299999999999999
19.199999999999992
14.899999999999993
10.499999999999998
1.0499999999999998
7.0500000000000025
17.099999999999998
16.099999999999994
11.149999999999999
18.29999999999999
10.849999999999998
12.899999999999995
13.199999999999996
3.0999999999999996
18.399999999999988
1.0999999999999996
3.249999999999999
2.6999999999999997
10.249999999999998
2.6999999999999997
1.8999999999999995
1.8999999999999995
3.0999999999999996
15.949999999999992
5.6
1.15
11.299999999999997
17.349999999999994
19.19999999999999
15.399999999999991
4.300000000000001
1.7999999999999994
18.699999999999992
12.149999999999997
2.1999999999999993
1.15
10.999999999999996
3.700000000000001
2.9999999999999996
0.2999999999999998
-0.5
10.999999999999996
6.6
5.95
12.899999999999991
13.849999999999996
10.749999999999998
2.45
9.099999999999998
10.249999999999998
1.9499999999999997
8.85
9.999999999999998
16.24999999999999
12.5
1.0999999999999996
15.399999999999995
2.5999999999999996
16.199999999999992
1.0999999999999996
15.999999999999993
2.450000000000001
14.649999999999997
10.599999999999998
14.049999999999995
16.749999999999993
8.3
11.549999999999997
9.899999999999997
11.299999999999997
9.699999999999998
11.05
16.79999999999999
9.7
6.750000000000002
17.29999999999998
11.449999999999998
18.649999999999988
11.299999999999997
3.6000000000000005
17.899999999999988
2.5999999999999996
2.0499999999999994
17.349999999999994
11.399999999999997
10.499999999999996
9.149999999999999
15.749999999999996
11.899999999999997
7.0
1.0999999999999996
27.849999999999977
23.049999999999986
10.749999999999998
11.799999999999997
17.699999999999992
18.399999999999988
15.449999999999992
16.499999999999993
17.049999999999994
11.149999999999997
2.650000000000002
23.34999999999998
1.9499999999999993
7.000000000000002
17.099999999999994
17.29999999999999
5.6000000000000005
14.849999999999993
17.14999999999999
18.099999999999994
18.199999999999992
15.699999999999996
8.05
3.4000000000000004
12.399999999999997
15.699999999999992
16.499999999999993
16.199999999999992
8.650000000000002
19.999999999999986
2.3
18.999999999999986
2.5
3.0999999999999996
10.199999999999998
8.6
18.149999999999988
17.149999999999988
11.1
9.999999999999998
1.0999999999999996
16.59999999999999
3.0999999999999996
16.199999999999992
0.6999999999999997
17.64999999999999
3.500000000000001
16.299999999999997
13.699999999999998
18.89999999999999
3.55
12.999999999999998
2.3
11.499999999999996
3.7
27.499999999999964
1.5
17.84999999999999
14.899999999999995
12.899999999999995
16.549999999999994
9.2
12.949999999999996
21.699999999999985
14.499999999999993
12.549999999999999
18.699999999999992
20.69999999999999
20.94999999999999
11.749999999999996
17.04999999999999
8.450000000000001
11.149999999999999
1.0999999999999996
17.64999999999999
14.749999999999996
3.3
17.349999999999994
1.5999999999999996
9.299999999999999
15.499999999999996
18.699999999999985
3.700000000000001
16.249999999999993
15.149999999999995
18.59999999999999
16.299999999999994
20.29999999999999
10.199999999999998
20.19999999999999
3.4000000000000012
18.79999999999999
3.350000000000003
16.79999999999999
15.649999999999995
17.39999999999999
11.099999999999998
16.199999999999992
17.599999999999994
2.3
9.399999999999999
12.849999999999998
11.249999999999998
2.3
10.749999999999996
3.55
1.0999999999999996
3.4000000000000004
15.799999999999994
14.799999999999994
17.199999999999996
1.1999999999999997
15.999999999999996
13.599999999999998
17.09999999999999
14.799999999999992
15.199999999999996
2.5999999999999996
18.14999999999999
2.5999999999999996
6.6000000000000005
18.49999999999999
1.0999999999999996
13.249999999999995
17.749999999999993
19.59999999999999
19.849999999999987
18.699999999999992
16.799999999999994
17.299999999999994
14.699999999999994
12.299999999999999
16.249999999999993
18.19999999999999
14.199999999999998
18.099999999999987
7.65
26.89999999999998
9.999999999999998
14.649999999999993
2.5999999999999996
14.549999999999997
8.65
16.799999999999994
10.749999999999996
7.800000000000001
2.3
7.15
10.199999999999998
16.199999999999992
17.79999999999999
11.45
16.849999999999987
0.6499999999999995
12.399999999999997
17.79999999999999
18.499999999999993
7.000000000000002
17.099999999999987
1.0999999999999996
7.450000000000001
16.249999999999993
13.399999999999997
11.949999999999998
18.39999999999999
20.29999999999999
21.649999999999988
16.249999999999993
3.7
18.149999999999988
15.499999999999993
10.299999999999999
18.09999999999999
18.69999999999999
12.749999999999996
2.9
16.049999999999994
1.7499999999999996
19.54999999999999
17.89999999999999
16.599999999999994
16.899999999999995
19.199999999999992
15.249999999999993
15.749999999999993
1.0999999999999996
3.4000000000000004
20.549999999999983
17.59999999999999
7.75
15.899999999999995
15.449999999999996
17.84999999999999
18.14999999999999
12.449999999999996
16.499999999999993
17.44999999999998
27.849999999999977
16.499999999999993
15.749999999999996
12.899999999999995
7.0
16.999999999999993
16.29999999999999
19.19999999999999
17.949999999999985
11.399999999999999
17.29999999999999
2.3
16.499999999999993
3.1499999999999986
19.24999999999999
18.09999999999999
0.7000000000000002
17.79999999999999
3.4000000000000004
16.549999999999994
16.549999999999994
17.699999999999985
4.750000000000001
17.799999999999994
1.7999999999999998
18.39999999999999
18.149999999999988
17.349999999999994
11.9
8.45
9.999999999999998
2.8999999999999995
19.19999999999999
15.749999999999993
18.09999999999999
12.099999999999996
14.599999999999994
11.099999999999998
1.0999999999999996
16.49999999999999
18.14999999999999
18.399999999999988
17.69999999999998
17.84999999999999
10.999999999999996
18.09999999999999
16.999999999999993
15.549999999999997
9.999999999999998
16.19999999999999
-0.9000000000000001
11.499999999999996
24.999999999999982
22.499999999999986
1.0999999999999996
20.599999999999987
8.799999999999999
21.14999999999999
17.399999999999984
16.049999999999994
12.099999999999996
1.0999999999999996
20.049999999999986
17.899999999999995
2.5999999999999996
16.799999999999994
18.94999999999999
17.79999999999999
18.64999999999999
16.79999999999999
15.999999999999993
2.8
10.099999999999996
12.899999999999995
2.8999999999999995
20.04999999999999
12.399999999999997
9.6
1.9
16.249999999999993
2.349999999999999
13.549999999999994
18.39999999999999
18.89999999999999
17.299999999999994
19.79999999999999
18.649999999999995
16.999999999999993
3.95
18.59999999999999
15.99999999999999
15.399999999999995
27.449999999999974
17.79999999999999
6.950000000000002
17.449999999999992
3.2
19.99999999999999
15.699999999999996
24.04999999999998
2.3
17.84999999999999
4.300000000000001
12.649999999999997
16.999999999999993
18.999999999999986
11.349999999999998
18.09999999999999
16.549999999999994
1.6999999999999997
3.4000000000000004
9.099999999999998
17.79999999999999
17.299999999999994
18.64999999999999
12.899999999999995
11.149999999999995
2.8999999999999995
17.79999999999999
11.900000000000002
17.59999999999999
16.199999999999992
6.1000000000000005
16.999999999999993
9.699999999999998
18.099999999999987
6.450000000000002
18.89999999999999
17.79999999999999
21.849999999999984
3.700000000000001
16.499999999999993
17.09999999999999
2.8999999999999995
17.299999999999994
2.299999999999999
17.34999999999999
17.199999999999992
18.14999999999999
2.9999999999999996
17.599999999999994
16.249999999999993
17.349999999999994
20.04999999999999
3.0999999999999996
2.5999999999999996
1.0999999999999996
7.75
1.399999999999999
16.99999999999999
16.999999999999993
16.999999999999993
7.000000000000002
18.69999999999999
16.999999999999993
13.449999999999998
12.749999999999996
16.449999999999985
17.599999999999994
16.799999999999986
18.59999999999999
26.74999999999997
17.29999999999999
15.699999999999996
25.64999999999998
14.799999999999994
12.099999999999996
18.94999999999999
15.449999999999996
19.199999999999992
16.499999999999993
18.949999999999992
21.79999999999998
18.99999999999999
17.299999999999994
15.399999999999991
13.999999999999995
23.19999999999998
16.199999999999992
5.8999999999999995
17.79999999999999
17.79999999999999
16.199999999999992
16.999999999999993
19.49999999999999
1.0999999999999996
17.34999999999999
16.199999999999992
13.499999999999995
14.849999999999994
1.0999999999999996
18.399999999999988
3.4000000000000012
18.59999999999999
17.34999999999999
18.999999999999993
13.049999999999994
17.79999999999999
12.899999999999995
12.649999999999995
18.149999999999984
18.39999999999999
10.449999999999998
20.899999999999984
18.64999999999999
16.999999999999993
17.84999999999999
18.949999999999992
12.649999999999999
3.05
18.09999999999999
1.9499999999999997
2.65
19.74999999999996
18.749999999999982
2.249999999999999
3.700000000000001
16.799999999999994
18.94999999999999
26.89999999999998
17.299999999999994
11.799999999999997
17.89999999999999
19.999999999999982
16.199999999999992
26.449999999999978
23.149999999999984
9.999999999999996
17.59999999999999
18.54999999999999
2.5999999999999996
20.69999999999998
18.69999999999999
17.89999999999999
8.6
13.849999999999994
18.94999999999999
27.799999999999976
26.149999999999977
10.699999999999998
16.549999999999994
17.59999999999999
2.450000000000001
17.84999999999999
12.999999999999996
25.649999999999984
26.149999999999974
12.749999999999996
9.999999999999998
18.59999999999999
18.69999999999999
17.84999999999999
16.199999999999992
15.399999999999995
3.0999999999999996
11.099999999999998
18.449999999999992
18.14999999999999
17.79999999999999
10.799999999999997
17.79999999999999
16.99999999999999
27.79999999999998
18.89999999999999
19.299999999999994
17.84999999999999
18.449999999999992
15.399999999999995
15.699999999999992
1.5
17.599999999999994
22.049999999999983
18.09999999999999
18.64999999999999
19.19999999999999
16.999999999999993
20.749999999999986
14.499999999999995
16.199999999999992
16.799999999999994
22.69999999999998
18.09999999999999
17.84999999999999
18.24999999999999
18.799999999999983
19.44999999999999
17.34999999999999
17.84999999999999
3.5500000000000007
17.099999999999994
14.599999999999993
17.599999999999994
2.1499999999999995
3.55
2.25
20.29999999999999
17.299999999999994
13.349999999999994
15.699999999999996
8.100000000000001
17.349999999999994
18.399999999999988
16.999999999999993
3.25
10.05
4.75
3.0999999999999996
18.64999999999999
15.399999999999995
17.79999999999999
17.84999999999999
0.7000000000000002
17.79999999999999
15.699999999999996
20.299999999999986
14.399999999999995
17.34999999999999
18.699999999999992
1.0999999999999996
15.699999999999992
11.599999999999996
18.09999999999999
13.699999999999994
17.599999999999994
16.499999999999993
18.09999999999999
3.700000000000001
18.149999999999988
21.449999999999985
17.79999999999999
18.149999999999988
3.4000000000000004
18.399999999999988
13.999999999999995
18.89999999999999
8.100000000000001
18.899999999999988
13.749999999999995
17.599999999999994
17.84999999999999
18.649999999999988
17.79999999999999
18.04999999999999
-0.5
20.59999999999999
17.04999999999999
12.45
17.04999999999999
14.599999999999994
15.099999999999994
18.09999999999999
17.349999999999994
14.599999999999994
25.149999999999977
2.1999999999999993
18.39999999999999
2.2
17.79999999999999
15.999999999999993
6.200000000000004
17.09999999999999
24.449999999999974
19.09999999999999
18.09999999999999
18.099999999999987
17.79999999999999
18.99999999999999
17.79999999999999
18.149999999999995
16.999999999999993
